4294967294,30
4294967294,942
4294967294,941
4294967294,939
4294967294,938
4294967294,933
4294967294,922
4294967294,436
4294967294,158
4294967294,157
4294967294,156
4294967294,155
4294967294,60
4294967294,12
4294967278,200
4294967279,348
4294967278,191
4294967279,191
4294967278,188
4294967278,337
4294967279,178
4294967278,336
4294967279,530
4294967279,268
4294967279,158
4294967279,155
4294967278,389
4294967278,335
4294967279,145
4294967279,144
4294967279,143
4294967278,339
4294967279,139
4294967279,138
4294967279,136
4294967278,334
4294967279,270
4294967279,283
4294967279,279
4294967279,277
4294967278,366
4294967278,338
4294967279,262
4294967278,332
4294967279,275
4294967279,258
4294967278,435
4294967279,526
4294967278,257
4294967278,330
4294967278,329
4294967278,326
4294967294,475
4294967294,11
4294967294,68
4294967278,362
4294967278,365
4294967278,361
4294967279,322
4294967279,77
4294967279,60
4294967279,35
4294967279,30
4294967279,15
4294967279,563
4294967278,349
2516,7
2516,6
2516,5
2516,4
2516,3
2516,2
2516,1
4294967294,1424
2514,5
2514,4
2514,3
2514,2
2514,1
4294967279,320
4294967279,352
4294967294,184
2509,6
2509,5
2509,4
2509,3
2509,2
2509,1
4294967278,328
2506,5
2506,4
2506,3
2506,2
2506,1
4294967279,351
2502,7
2502,6
2502,5
2502,4
2502,3
2502,2
2502,1
4294967294,920
4294967278,325
4294967278,346
4294967278,322
4294967278,321
4294967294,1420
4294967278,320
4294967279,278
2498,5
2498,4
2498,3
2498,2
2498,1
4294967278,447
2496,5
2496,4
2496,3
2496,2
2496,1
4294967278,446
4294967278,350
4294967278,445
4294967278,444
2488,5
2488,4
2488,3
2488,2
2488,1
2487,5
2487,4
2487,3
2487,2
2487,1
2486,6
2486,5
2486,4
2486,3
2486,2
2486,1
2485,5
4294967279,202
2485,4
2485,3
2485,2
2485,1
4294967279,269
2483,5
2483,4
2483,3
2483,2
2483,1
4294967279,344
4294967278,302
4294967294,905
2482,4
2482,3
2482,2
2482,1
2481,4
2481,3
2481,2
2481,1
4294967278,351
4294967279,343
4294967279,341
4294967278,437
4294967294,164
4294967278,343
2480,7
2480,6
2480,5
2480,4
2480,2
2480,1
4294967279,340
2478,5
2478,4
2478,3
2478,2
2478,1
4294967279,362
4294967278,420
4294967278,443
4294967279,338
2473,6
2473,5
2473,4
2473,3
2473,2
2473,1
4294967279,383
4294967278,442
4294967279,336
4294967279,184
4294967279,218
4294967279,363
2470,5
2470,4
2470,2
2470,1
4294967294,459
4294967279,335
4294967278,441
4294967278,439
4294967279,333
2466,7
2466,6
2466,5
2466,4
2466,2
2466,1
4294967279,547
4294967279,331
4294967278,436
4294967279,328
4294967279,528
4294967279,366
4294967279,327
4294967279,289
2462,5
2462,4
2462,3
2462,2
2462,1
2460,5
2460,4
2460,2
2460,1
4294967278,432
4294967278,431
4294967279,370
4294967278,430
4294967278,181
4294967279,181
4294967278,180
4294967278,429
4294967279,170
4294967278,169
4294967279,572
4294967294,913
4294967294,391
4294967294,416
4294967294,175
4294967294,454
4294967278,428
4294967279,160
4294967278,426
4294967278,425
2452,5
2452,4
4294967279,148
2452,3
2452,2
2452,1
2451,5
2451,4
4294967278,142
2451,3
2451,2
2451,1
4294967278,141
2450,6
4294967294,967
4294967279,276
2450,5
2450,4
2450,3
2450,2
2450,1
4294967279,358
4294967278,424
4294967278,422
2449,5
4294967278,270
2449,4
2449,3
2449,2
2449,1
4294967278,269
2447,5
2447,4
2447,3
2447,2
2447,1
4294967279,551
4294967278,421
4294967294,393
2445,4
2445,3
2445,2
2445,1
4294967279,267
4294967294,904
4294967294,186
4294967294,970
4294967294,903
4294967294,29
4294967278,418
4294967278,417
4294967279,353
4294967278,427
4294967279,364
4294967294,387
4294967294,437
4294967294,45
4294967294,390
4294967294,114
4294967294,115
4294967294,120
4294967278,312
4294967294,474
4294967278,415
4294967279,565
4294967294,417
4294967294,107
4294967294,91
4294967294,90
4294967294,87
4294967294,86
4294967294,84
4294967294,949
4294967294,44
4294967294,40
4294967294,38
4294967294,37
4294967294,42
4294967294,99
4294967294,76
4294967294,43
4294967294,427
4294967294,51
4294967294,52
4294967278,132
4294967278,131
4294967278,130
4294967278,129
4294967278,128
4294967278,127
4294967278,126
4294967278,125
4294967278,124
4294967278,123
4294967278,122
4294967278,121
4294967278,120
4294967278,119
4294967278,118
4294967278,117
4294967278,116
4294967278,115
4294967278,114
4294967278,113
4294967278,112
4294967278,111
4294967278,110
4294967278,109
4294967278,108
4294967278,107
4294967278,106
4294967278,105
4294967278,104
4294967278,103
4294967278,102
4294967278,101
4294967278,95
4294967278,93
4294967278,92
4294967278,91
4294967278,90
4294967278,89
4294967278,87
4294967278,86
4294967278,85
4294967278,84
4294967278,83
4294967278,82
4294967278,81
4294967278,80
4294967278,79
4294967278,78
4294967278,77
4294967278,76
4294967278,174
4294967278,75
4294967278,74
4294967278,73
4294967278,72
4294967278,71
4294967278,70
4294967278,69
4294967278,68
4294967278,67
4294967278,62
4294967278,61
4294967278,60
4294967279,372
4294967279,82
4294967279,23
4294967279,22
4294967279,16
4294967279,13
4294967294,82
4294967294,1414
4294967278,100
4294967278,440
4294967278,99
4294967278,98
4294967278,97
4294967278,96
4294967294,5
4294967279,251
2444,7
2444,6
2444,5
2444,4
2444,3
2444,2
2444,1
4294967279,246
2442,5
2442,4
2442,3
2442,2
2442,1
4294967278,413
4294967279,329
4294967279,244
4294967278,409
4294967279,326
4294967279,242
4294967278,273
2437,6
2437,5
2437,4
2437,3
2437,2
2437,1
4294967279,284
4294967294,1430
4294967294,902
4294967279,360
2434,5
2434,4
2434,3
2434,2
2434,1
4294967279,229
4294967279,207
4294967278,412
4294967278,423
4294967279,232
4294967278,196
2430,7
2430,6
2430,5
2430,4
2430,3
2430,2
2430,1
4294967279,570
4294967278,411
4294967278,186
4294967279,220
4294967279,347
4294967278,323
4294967278,438
4294967279,330
2426,5
2426,4
2426,3
2426,2
2426,1
4294967279,147
2424,5
2424,4
2424,3
2424,2
2424,1
4294967278,407
4294967278,138
4294967278,277
4294967294,119
4294967294,451
4294967279,356
4294967279,552
4294967279,354
4294967279,359
4294967278,406
4294967278,405
2416,5
2416,4
2416,3
2416,2
2416,1
4294967279,201
4294967278,202
2415,5
2415,4
2415,3
2415,2
2415,1
2414,6
4294967278,193
2414,5
2414,4
2414,3
2414,2
2414,1
2413,5
2413,4
2413,3
2413,2
2413,1
4294967279,525
4294967278,403
4294967278,175
4294967278,173
2411,5
2411,4
2411,3
2411,2
2411,1
4294967279,163
4294967279,549
4294967278,402
2409,4
2409,3
2409,2
2409,1
4294967294,458
4294967294,189
4294967279,216
4294967294,473
4294967278,139
4294967278,64
4294967279,78
4294967279,76
4294967279,74
4294967279,73
4294967279,71
4294967279,64
4294967279,58
4294967279,54
4294967279,53
4294967279,47
4294967279,45
4294967279,41
4294967279,38
4294967279,31
4294967279,21
4294967279,156
4294967279,12
4294967279,10
4294967279,8
4294967279,5
4294967278,88
4294967279,24
2408,7
2408,6
2408,5
2408,4
2408,2
2408,1
4294967279,137
2406,5
2406,4
2406,3
2406,2
2406,1
4294967294,911
4294967294,460
4294967294,400
4294967294,108
4294967279,224
4294967278,401
4294967278,204
4294967278,203
4294967278,198
4294967279,198
4294967278,187
2401,6
2401,5
2401,4
2401,3
2401,2
2401,1
4294967278,170
2398,5
2398,4
2398,2
2398,1
4294967278,283
4294967279,367
4294967279,318
4294967279,88
4294967278,385
4294967279,376
4294967279,325
4294967279,252
4294967279,317
2394,7
2394,6
2394,5
2394,4
2394,2
2394,1
4294967278,399
4294967279,316
4294967278,392
4294967279,512
4294967278,398
4294967279,315
4294967279,237
4294967279,562
4294967294,918
4294967294,176
4294967279,555
4294967279,223
2390,5
2390,4
2390,3
2390,2
2390,1
4294967279,209
4294967278,208
4294967279,208
4294967279,203
4294967279,199
2388,5
2388,4
4294967279,200
2388,2
2388,1
4294967278,396
4294967278,195
4294967279,193
4294967279,314
4294967278,162
4294967294,113
4294967294,160
4294967279,540
4294967279,152
4294967279,311
4294967279,142
4294967278,309
2380,5
2380,4
2380,3
2380,2
2380,1
2379,5
4294967279,265
2379,4
2379,3
2379,2
2379,1
4294967278,268
4294967278,308
2378,6
2378,5
4294967294,1418
2378,4
2378,3
2378,2
2378,1
4294967278,393
4294967279,254
4294967278,278
4294967279,519
2377,5
4294967279,516
2377,4
2377,3
2377,2
2377,1
4294967279,310
4294967278,391
4294967279,249
4294967279,243
4294967279,247
4294967279,245
2375,5
2375,4
2375,3
2375,2
2375,1
4294967279,231
4294967279,227
4294967278,390
4294967279,225
4294967278,222
4294967279,215
4294967279,548
4294967279,213
2373,4
2373,3
2373,2
2373,1
4294967279,212
4294967294,471
4294967294,464
4294967294,449
4294967279,558
4294967279,541
4294967279,304
4294967278,294
4294967294,50
4294967294,182
4294967294,161
4294967294,900
4294967294,965
4294967278,197
4294967279,342
4294967278,94
4294967278,386
4294967278,66
4294967278,65
4294967278,260
4294967278,63
4294967278,0
4294967278,347
4294967279,260
4294967279,63
4294967279,49
4294967279,44
4294967279,36
4294967279,28
4294967279,26
4294967279,18
4294967279,14
4294967279,7
4294967279,6
4294967279,4
4294967278,404
4294967279,309
4294967279,0
4294967278,342
4294967278,387
2372,7
2372,6
2372,5
2372,4
2372,2
2372,1
2370,5
2370,4
2370,3
2370,2
2370,1
4294967294,412
4294967294,405
4294967294,466
4294967278,288
4294967279,306
4294967279,564
2365,6
2365,5
2365,4
2365,3
2365,2
2365,1
4294967278,244
4294967279,305
4294967294,1429
2362,5
2362,4
2362,2
2362,1
4294967278,235
4294967278,255
4294967294,960
4294967279,301
4294967278,182
2358,7
2358,6
2358,5
2358,4
2358,2
2358,1
4294967279,534
4294967278,171
4294967278,163
4294967278,251
4294967279,299
4294967278,249
4294967279,380
2354,5
2354,4
2354,3
2354,2
2354,1
4294967278,136
4294967294,1421
4294967278,287
2352,5
2352,4
2352,2
2352,1
4294967278,247
4294967279,297
4294967278,315
4294967279,303
4294967279,248
4294967279,241
4294967279,239
4294967279,233
4294967294,406
4294967294,411
4294967294,118
4294967279,296
4294967279,221
4294967279,219
4294967294,919
4294967279,210
4294967279,561
4294967278,207
4294967278,245
4294967279,206
4294967294,948
4294967279,205
4294967279,553
4294967279,204
4294967279,319
4294967279,197
4294967294,912
4294967294,963
2344,5
2344,4
2344,3
2344,2
2344,1
2343,5
4294967278,185
2343,4
4294967278,184
2343,3
2343,2
2343,1
4294967279,182
2342,6
4294967278,243
2342,5
2342,4
2342,3
2342,2
2342,1
4294967278,241
4294967279,173
4294967279,172
2341,5
4294967279,169
4294967294,89
4294967278,168
2341,4
4294967279,168
2341,3
2341,2
2341,1
4294967278,239
4294967278,233
4294967279,162
4294967279,161
2340,1
2339,5
4294967278,152
2339,4
2339,3
2339,2
2339,1
4294967278,150
4294967278,231
4294967278,229
4294967278,144
4294967294,1
4294967279,566
2337,4
2337,3
2337,2
2337,1
0,7
4294967294,0
4294967279,557
4294967294,46
4294967294,389
4294967294,424
4294967278,317
4294967278,263
4294967278,227
4294967294,28
4294967294,385
4294967294,398
4294967294,183
4294967294,463
4294967294,408
4294967294,2
4294967278,279
4294967294,25
4294967279,285
4294967294,85
4294967294,950
4294967294,921
4294967294,419
4294967294,946
4294967294,27
4294967294,53
4294967294,1417
4294967294,96
4294967294,94
4294967294,9
4294967294,8
4294967294,22
4294967294,93
4294967294,95
4294967294,17
4294967294,67
4294967294,36
4294967294,39
4294967294,41
4294967294,1416
4294967294,26
4294967294,92
4294967294,88
4294967279,105
4294967279,102
4294967279,100
4294967279,99
4294967279,98
4294967279,97
4294967279,96
4294967279,93
4294967279,91
4294967279,90
4294967279,89
4294967279,87
4294967279,86
4294967279,83
4294967279,66
4294967294,81
4294967294,973
4294967294,83
0,5
4294967294,7
4294967294,6
2336,7
2336,6
2336,5
2336,4
2336,2
2336,1
4294967278,225
4294967278,416
2334,5
2334,4
2334,3
2334,2
2334,1
4294967278,223
4294967278,178
4294967279,538
4294967294,162
4294967294,909
4294967294,421
2329,6
2329,5
2329,4
2329,3
2329,2
2329,1
4294967278,158
4294967279,286
4294967278,157
4294967279,228
4294967294,168
4294967294,110
4294967294,461
2326,5
2326,4
2326,2
2326,1
4294967278,217
4294967278,215
4294967278,265
4294967279,281
4294967278,357
2322,7
2322,6
2322,5
2322,4
2322,2
2322,1
4294967279,230
4294967278,318
4294967279,280
4294967294,901
4294967278,252
4294967278,314
2318,5
2318,4
2318,3
2318,2
2318,1
2316,5
2316,4
2316,2
2316,1
4294967278,311
4294967278,148
4294967279,308
4294967278,282
4294967278,310
4294967279,307
4294967279,312
4294967278,276
2308,5
4294967278,264
4294967278,285
2308,4
2308,3
2308,2
2308,1
4294967279,323
4294967279,521
2307,5
2307,4
2307,3
2307,2
2307,1
4294967278,356
4294967294,470
4294967294,109
4294967294,404
2306,6
2306,5
2306,4
2306,3
2306,2
2306,1
4294967279,274
2305,5
2305,4
2305,3
2305,2
2305,1
4294967278,307
4294967278,414
4294967279,375
4294967278,212
2303,5
2303,4
4294967278,209
2303,3
2303,2
2303,1
4294967278,306
4294967279,273
2301,4
2301,3
2301,2
2301,1
4294967278,305
